6.07E-01	5.47E+00
2.35E+00	1.94E+00
2.58E+00	1.07E+00
9.81E-01	4.11E+00
7.47E-01	5.13E+00
2.43E+00	6.62E-01
2.14E+00	2.52E+00
1.98E+00	2.61E+00
2.13E+00	2.96E+00
3.39E-01	4.40E+00
2.61E+00	-6.43E-01
1.43E+00	4.17E+00
2.41E-01	3.42E+00
4.46E-01	4.44E+00
9.72E-01	3.86E+00
2.03E-02	1.64E+00
2.15E+00	3.30E+00
1.95E-01	2.60E+00
1.27E+00	5.66E+00
2.41E+00	-2.62E-01
8.85E-02	2.18E+00
1.58E+00	5.61E+00
2.36E+00	2.73E+00
2.44E+00	1.78E+00
1.02E+00	5.18E+00
1.20E+00	4.80E+00
2.59E+00	4.01E-01
6.41E-03	2.17E+00
5.07E-01	5.11E+00
1.15E+00	5.26E+00
1.80E+00	3.97E+00
3.91E-01	4.11E+00
1.04E-01	2.36E+00
2.11E+00	3.79E+00
1.60E+00	3.21E+00
2.25E+00	2.95E+00
4.56E-01	3.94E+00
2.04E-01	3.56E+00
1.46E+00	4.47E+00
1.60E+00	5.71E+00
1.3	2
1	1
0.7	0.8
0.8	0.6
1.5	1.4
1.2	0.4
